12	0.000000	-0.180060	-0.000000	0.329948	0.000000	0.435464	-0.000000	0.435464	-0.000000	1.000000	-0.000000	1.000000	-0.000000	0.389879	-0.000000	1.000000	-0.000000	0.000000	0.000000	1.000000	-0.000000	-0.125000	-0.000000	0.217156222474	-0.000000000000	0.000000	0.000000	0.000000	0.000000	-0.000000	0.498677850502	-0.000000000000	1	0.000000	0.000000	0.000000	0.000000	0.000000	0.000000
12	0.100000	-0.180021	-0.000000	0.329940	0.000290	0.435424	-0.000000	0.435721	-0.000000	0.999980	-0.000000	1.000459	-0.000000	0.389888	0.000594	1.000000	-0.000000	0.000004	0.000066	1.000000	-0.000000	-0.124973	-0.000000	0.217134543886	-0.000000000000	0.000000	0.000000	0.000000	0.000000	0.000000	0.498667808818	-0.000000000000	1	0.017263	0.029901	0.000000	-0.000586	-0.001015	-0.000000
12	1.000000	-0.180005	-0.000000	0.328984	0.002625	0.431504	-0.000000	0.434014	-0.000000	0.996764	-0.000000	1.002222	-0.000000	0.390581	0.005274	0.999993	-0.000000	0.000557	0.009021	1.000000	-0.000000	-0.124911	-0.000000	0.214917026220	-0.000000000000	0.000000	0.000000	0.000000	0.000000	0.000000	0.497060268259	-0.000000000000	1	0.199104	0.344203	0.000000	-0.037794	-0.065337	-0.000000
12	0.200000	-0.179989	-0.000000	0.329912	0.000515	0.435297	-0.000000	0.435901	-0.000000	0.999913	-0.000000	1.000903	-0.000000	0.389915	0.001210	1.000000	-0.000000	0.000016	0.000281	1.000000	-0.000000	-0.124948	-0.000000	0.217064751853	-0.000000000000	0.000000	0.000000	0.000000	0.000000	0.000000	0.498634211941	-0.000000000000	1	0.035707	0.061844	0.000000	-0.001563	-0.002708	-0.000000
12	0.300000	-0.179965	-0.000000	0.329863	0.000683	0.435072	-0.000000	0.435987	-0.000000	0.999787	-0.000000	1.001319	-0.000000	0.389961	0.001841	0.999999	-0.000000	0.000039	0.000675	1.000000	-0.000000	-0.124928	-0.000000	0.216940953072	-0.000000000000	0.000000	0.000000	0.000000	0.000000	0.000000	0.498571502106	-0.000000000000	1	0.055261	0.095701	0.000000	-0.003134	-0.005428	0.000000
12	0.400000	-0.179950	-0.000000	0.329792	0.000820	0.434744	-0.000000	0.435963	-0.000000	0.999592	-0.000000	1.001690	-0.000000	0.390025	0.002474	0.999999	-0.000000	0.000074	0.001272	1.000000	-0.000000	-0.124911	-0.000000	0.216760316923	-0.000000000000	0.000000	0.000000	0.000000	0.000000	0.000000	0.498474064543	-0.000000000000	1	0.075770	0.131198	0.000000	-0.005517	-0.009553	-0.000000
12	0.500000	-0.179942	-0.000000	0.329698	0.000965	0.434319	-0.000000	0.435825	-0.000000	0.999318	-0.000000	1.001999	-0.000000	0.390106	0.003087	0.999998	-0.000000	0.000122	0.002091	1.000000	-0.000000	-0.124899	-0.000000	0.216524842224	-0.000000000000	0.000000	0.000000	0.000000	0.000000	0.000000	0.498337017149	-0.000000000000	1	0.096980	0.167887	0.000000	-0.008897	-0.015403	-0.000000
12	0.600000	-0.179942	-0.000000	0.329584	0.001165	0.433812	-0.000000	0.435578	-0.000000	0.998959	-0.000000	1.002231	-0.000000	0.390197	0.003657	0.999998	-0.000000	0.000185	0.003136	1.000000	-0.000000	-0.124891	-0.000000	0.216242370667	-0.000000000000	0.000000	0.000000	0.000000	0.000000	0.000000	0.498157278867	-0.000000000000	1	0.118527	0.205136	0.000000	-0.013359	-0.023120	0.000000
12	0.700000	-0.179950	-0.000000	0.329451	0.001443	0.433250	-0.000000	0.435244	-0.000000	0.998513	-0.000000	1.002371	-0.000000	0.390295	0.004164	0.999997	-0.000000	0.000262	0.004392	1.000000	-0.000000	-0.124889	-0.000000	0.215925875904	-0.000000000000	0.000000	0.000000	0.000000	0.000000	0.000000	0.497934671469	-0.000000000000	1	0.139968	0.242174	0.000000	-0.018815	-0.032554	-0.000000
12	0.800000	-0.179963	-0.000000	0.329304	0.001796	0.432662	-0.000000	0.434852	0.000000	0.997989	-0.000000	1.002414	-0.000000	0.390394	0.004598	0.999995	-0.000000	0.000352	0.005825	1.000000	-0.000000	-0.124891	-0.000000	0.215590738248	-0.000000000000	0.000000	0.000000	0.000000	0.000000	0.000000	0.497672620397	-0.000000000000	1	0.160825	0.278177	0.000000	-0.024988	-0.043222	-0.000000
12	0.900000	-0.179982	-0.000000	0.329147	0.002198	0.432074	-0.000000	0.434433	-0.000000	0.997400	-0.000000	1.002361	-0.000000	0.390490	0.004963	0.999994	-0.000000	0.000451	0.007387	1.000000	-0.000000	-0.124899	-0.000000	0.215251075081	-0.000000000000	0.000000	0.000000	0.000000	0.000000	0.000000	0.497378033961	-0.000000000000	1	0.180653	0.312384	0.000000	-0.031463	-0.054405	-0.000000
18	0.000000	-0.179739	-0.000000	0.301669	-0.000000	0.364017	-0.000000	0.364017	-0.000000	1.000000	-0.000000	1.000000	-0.000000	0.390522	0.000000	1.000000	-0.000000	0.000000	0.000000	1.000000	-0.000000	-0.125000	-0.000000	0.181527317934	-0.000000000000	0.000000	0.000000	0.000000	0.000000	0.000000	0.498677850502	-0.000000000000	1	0.000000	0.000000	0.000000	0.000000	0.000000	0.000000
18	0.100000	-0.179722	-0.000000	0.301665	0.000219	0.363999	-0.000000	0.364117	0.000000	0.999990	-0.000000	1.000203	-0.000000	0.390526	0.000386	1.000000	-0.000000	0.000002	0.000043	1.000000	-0.000000	-0.124988	-0.000000	0.181517766044	-0.000000000000	0.000000	0.000000	0.000000	0.000000	0.000000	0.498672752350	-0.000000000000	1	0.017264	0.029903	0.000000	-0.000787	-0.001364	0.000000
18	0.200000	-0.179708	-0.000000	0.301652	0.000394	0.363941	-0.000000	0.364181	-0.000000	0.999956	-0.000000	1.000396	-0.000000	0.390537	0.000788	1.000000	-0.000000	0.000007	0.000183	1.000000	-0.000000	-0.124977	-0.000000	0.181486924143	-0.000000000000	0.000000	0.000000	0.000000	0.000000	0.000000	0.498655690304	-0.000000000000	1	0.035710	0.061849	0.000000	-0.001966	-0.003405	-0.000000
18	0.300000	-0.179698	-0.000000	0.301629	0.000530	0.363838	-0.000000	0.364202	-0.000000	0.999892	-0.000000	1.000573	-0.000000	0.390557	0.001203	1.000000	-0.000000	0.000016	0.000440	1.000000	-0.000000	-0.124968	-0.000000	0.181432053012	-0.000000000000	0.000000	0.000000	0.000000	0.000000	0.000000	0.498623836841	-0.000000000000	1	0.055262	0.095709	0.000000	-0.003736	-0.006470	0.000000
18	0.400000	-0.179691	-0.000000	0.301595	0.000639	0.363687	-0.000000	0.364172	-0.000000	0.999793	-0.000000	1.000727	-0.000000	0.390585	0.001623	1.000000	-0.000000	0.000031	0.000830	1.000000	-0.000000	-0.124961	-0.000000	0.181351783935	-0.000000000000	0.000000	0.000000	0.000000	0.000000	0.000000	0.498574342356	-0.000000000000	1	0.075762	0.131203	0.000000	-0.006315	-0.010936	-0.000000
18	0.500000	-0.179688	-0.000000	0.301549	0.000743	0.363491	-0.000000	0.364091	-0.000000	0.999653	-0.000000	1.000848	-0.000000	0.390621	0.002035	1.000000	-0.000000	0.000051	0.001365	1.000000	-0.000000	-0.124955	-0.000000	0.181246945350	-0.000000000000	0.000000	0.000000	0.000000	0.000000	0.000000	0.498504744566	-0.000000000000	1	0.096948	0.167874	0.000000	-0.009888	-0.017122	-0.000000
18	0.600000	-0.179689	-0.000000	0.301494	0.000869	0.363257	-0.000000	0.363960	-0.000000	0.999470	-0.000000	1.000929	-0.000000	0.390661	0.002424	0.999999	-0.000000	0.000078	0.002046	1.000000	-0.000000	-0.124952	-0.000000	0.181121050453	-0.000000000000	0.000000	0.000000	0.000000	0.000000	0.000000	0.498413520458	-0.000000000000	1	0.118450	0.205081	0.000000	-0.014536	-0.025168	0.000000
18	0.700000	-0.179693	-0.000000	0.301429	0.001037	0.362996	-0.000000	0.363790	-0.000000	0.999244	-0.000000	1.000964	-0.000000	0.390705	0.002777	0.999999	-0.000000	0.000110	0.002865	1.000000	-0.000000	-0.124951	-0.000000	0.180979984488	-0.000000000000	0.000000	0.000000	0.000000	0.000000	0.000000	0.498300650858	-0.000000000000	1	0.139817	0.242043	0.000000	-0.020170	-0.034918	0.000000
18	0.800000	-0.179699	-0.000000	0.301356	0.001250	0.362722	-0.000000	0.363593	0.000000	0.998979	-0.000000	1.000952	-0.000000	0.390750	0.003088	0.999999	-0.000000	0.000148	0.003798	1.000000	-0.000000	-0.124952	-0.000000	0.180830745295	-0.000000000000	0.000000	0.000000	0.000000	0.000000	0.000000	0.498167970143	-0.000000000000	1	0.160568	0.277927	0.000000	-0.026507	-0.045880	-0.000000
18	0.900000	-0.179708	-0.000000	0.301279	0.001500	0.362447	-0.000000	0.363386	-0.000000	0.998680	-0.000000	1.000894	-0.000000	0.390794	0.003358	0.999999	-0.000000	0.000190	0.004814	1.000000	-0.000000	-0.124955	-0.000000	0.180679734934	-0.000000000000	0.000000	0.000000	0.000000	0.000000	0.000000	0.498019085114	-0.000000000000	1	0.180260	0.311969	0.000000	-0.033123	-0.057325	0.000000
18	1.000000	-0.179719	-0.000000	0.301198	0.001770	0.362180	-0.000000	0.363178	0.000000	0.998359	-0.000000	1.000796	-0.000000	0.390837	0.003595	0.999998	-0.000000	0.000235	0.005875	1.000000	-0.000000	-0.124961	-0.000000	0.180531497760	-0.000000000000	0.000000	0.000000	0.000000	0.000000	0.000000	0.497858822965	-0.000000000000	1	0.198549	0.343580	0.000000	-0.039572	-0.068478	-0.000000
24	0.000000	-0.179660	-0.000000	0.286747	0.000000	0.328894	-0.000000	0.328894	-0.000000	1.000000	-0.000000	1.000000	-0.000000	0.390679	0.000000	1.000000	-0.000000	0.000000	0.000000	1.000000	-0.000000	-0.125000	-0.000000	0.164012334072	-0.000000000000	0.000000	0.000000	0.000000	0.000000	-0.000000	0.498677850502	-0.000000000000	1	0.000000	0.000000	0.000000	-0.000000	0.000000	-0.000000
24	0.100000	-0.179651	-0.000000	0.286744	0.000173	0.328884	-0.000000	0.328946	-0.000000	0.999994	-0.000000	1.000114	-0.000000	0.390681	0.000286	1.000000	-0.000000	0.000001	0.000032	1.000000	-0.000000	-0.124993	-0.000000	0.164006980198	-0.000000000000	0.000000	0.000000	0.000000	0.000000	0.000000	0.498674731639	-0.000000000000	1	0.017265	0.029903	0.000000	-0.000901	-0.001561	0.000000
24	0.200000	-0.179643	-0.000000	0.286737	0.000313	0.328851	-0.000000	0.328977	-0.000000	0.999973	-0.000000	1.000221	-0.000000	0.390688	0.000584	1.000000	-0.000000	0.000004	0.000136	1.000000	-0.000000	-0.124987	-0.000000	0.163989670809	-0.000000000000	0.000000	0.000000	0.000000	0.000000	0.000000	0.498664293519	-0.000000000000	1	0.035710	0.061851	0.000000	-0.002194	-0.003801	-0.000000
24	0.300000	-0.179638	-0.000000	0.286723	0.000424	0.328792	-0.000000	0.328984	-0.000000	0.999934	-0.000000	1.000317	-0.000000	0.390699	0.000892	1.000000	-0.000000	0.000009	0.000326	1.000000	-0.000000	-0.124982	-0.000000	0.163958839092	-0.000000000000	0.000000	0.000000	0.000000	0.000000	0.000000	0.498644807172	-0.000000000000	1	0.055262	0.095712	0.000000	-0.004079	-0.007065	-0.000000
24	0.400000	-0.179634	-0.000000	0.286703	0.000513	0.328706	-0.000000	0.328961	-0.000000	0.999873	-0.000000	1.000399	-0.000000	0.390714	0.001206	1.000000	-0.000000	0.000017	0.000615	1.000000	-0.000000	-0.124978	-0.000000	0.163913699114	-0.000000000000	0.000000	0.000000	0.000000	0.000000	0.000000	0.498614532856	-0.000000000000	1	0.075759	0.131205	0.000000	-0.006772	-0.011729	-0.000000
24	0.500000	-0.179632	-0.000000	0.286677	0.000595	0.328594	-0.000000	0.328909	0.000000	0.999788	-0.000000	1.000460	-0.000000	0.390734	0.001515	1.000000	-0.000000	0.000028	0.001012	1.000000	-0.000000	-0.124975	-0.000000	0.163854722970	-0.000000000000	0.000000	0.000000	0.000000	0.000000	0.000000	0.498571972645	-0.000000000000	1	0.096935	0.167870	0.000000	-0.010457	-0.018108	0.000000
24	0.600000	-0.179633	-0.000000	0.286644	0.000688	0.328459	-0.000000	0.328828	0.000000	0.999676	-0.000000	1.000497	-0.000000	0.390757	0.001809	1.000000	-0.000000	0.000043	0.001517	1.000000	-0.000000	-0.124973	-0.000000	0.163783923164	-0.000000000000	0.000000	0.000000	0.000000	0.000000	0.000000	0.498516210169	-0.000000000000	1	0.118420	0.205063	0.000000	-0.015213	-0.026343	-0.000000
24	0.700000	-0.179635	-0.000000	0.286606	0.000809	0.328310	-0.000000	0.328725	-0.000000	0.999538	-0.000000	1.000506	-0.000000	0.390781	0.002079	1.000000	-0.000000	0.000060	0.002123	1.000000	-0.000000	-0.124972	-0.000000	0.163704671621	-0.000000000000	0.000000	0.000000	0.000000	0.000000	0.000000	0.498447256641	-0.000000000000	1	0.139761	0.241998	0.000000	-0.020948	-0.036272	-0.000000
24	0.800000	-0.179639	-0.000000	0.286564	0.000961	0.328153	-0.000000	0.328608	-0.000000	0.999375	-0.000000	1.000487	-0.000000	0.390807	0.002319	1.000000	-0.000000	0.000081	0.002815	1.000000	-0.000000	-0.124973	-0.000000	0.163620969423	-0.000000000000	0.000000	0.000000	0.000000	0.000000	0.000000	0.498366262407	-0.000000000000	1	0.160474	0.277840	0.000000	-0.027378	-0.047402	-0.000000
24	0.900000	-0.179644	-0.000000	0.286518	0.001140	0.327995	-0.000000	0.328485	-0.000000	0.999193	-0.000000	1.000441	-0.000000	0.390832	0.002531	1.000000	-0.000000	0.000104	0.003567	1.000000	-0.000000	-0.124975	-0.000000	0.163536457392	-0.000000000000	0.000000	0.000000	0.000000	0.000000	0.000000	0.498275461549	-0.000000000000	1	0.180117	0.311824	0.000000	-0.034077	-0.058996	-0.000000
24	1.000000	-0.179650	-0.000000	0.286470	0.001335	0.327842	-0.000000	0.328362	0.000000	0.998998	-0.000000	1.000370	-0.000000	0.390856	0.002718	1.000000	-0.000000	0.000128	0.004352	1.000000	-0.000000	-0.124978	-0.000000	0.163453689490	-0.000000000000	0.000000	0.000000	0.000000	0.000000	0.000000	0.498177827155	-0.000000000000	1	0.198348	0.343363	0.000000	-0.040597	-0.070278	-0.000000
30	0.000000	-0.179632	-0.000000	0.277535	-0.000000	0.308104	-0.000000	0.308104	-0.000000	1.000000	-0.000000	1.000000	-0.000000	0.390735	-0.000000	1.000000	-0.000000	0.000000	0.000000	1.000000	-0.000000	-0.125000	-0.000000	0.153644521545	-0.000000000000	0.000000	0.000000	0.000000	0.000000	0.000000	0.498677850502	-0.000000000000	1	0.000000	0.000000	0.000000	-0.000000	0.000000	-0.000000
30	0.100000	-0.179626	-0.000000	0.277534	0.000142	0.308097	-0.000000	0.308135	-0.000000	0.999996	-0.000000	1.000072	-0.000000	0.390736	0.000227	1.000000	-0.000000	0.000001	0.000025	1.000000	-0.000000	-0.124996	-0.000000	0.153641094169	-0.000000000000	0.000000	0.000000	0.000000	0.000000	0.000000	0.498675730220	-0.000000000000	1	0.017265	0.029904	0.000000	-0.000974	-0.001687	-0.000000
30	0.200000	-0.179621	-0.000000	0.277529	0.000258	0.308076	-0.000000	0.308153	0.000000	0.999982	-0.000000	1.000140	-0.000000	0.390741	0.000463	1.000000	-0.000000	0.000002	0.000108	1.000000	-0.000000	-0.124992	-0.000000	0.153630005052	-0.000000000000	0.000000	0.000000	0.000000	0.000000	0.000000	0.498668634379	-0.000000000000	1	0.035711	0.061852	0.000000	-0.002341	-0.004055	-0.000000
30	0.300000	-0.179618	-0.000000	0.277520	0.000350	0.308038	-0.000000	0.308155	0.000000	0.999955	-0.000000	1.000200	-0.000000	0.390748	0.000709	1.000000	-0.000000	0.000006	0.000259	1.000000	-0.000000	-0.124988	-0.000000	0.153610241156	-0.000000000000	0.000000	0.000000	0.000000	0.000000	0.000000	0.498655388584	-0.000000000000	1	0.055262	0.095713	0.000000	-0.004301	-0.007449	-0.000000
30	0.400000	-0.179616	-0.000000	0.277507	0.000425	0.307982	-0.000000	0.308138	-0.000000	0.999914	-0.000000	1.000250	-0.000000	0.390757	0.000959	1.000000	-0.000000	0.000011	0.000489	1.000000	-0.000000	-0.124986	-0.000000	0.153581296564	-0.000000000000	0.000000	0.000000	0.000000	0.000000	0.000000	0.498634812447	-0.000000000000	1	0.075757	0.131206	0.000000	-0.007068	-0.012242	0.000000
30	0.500000	-0.179615	-0.000000	0.277490	0.000492	0.307909	-0.000000	0.308102	-0.000000	0.999856	-0.000000	1.000286	-0.000000	0.390770	0.001206	1.000000	-0.000000	0.000018	0.000803	1.000000	-0.000000	-0.124984	-0.000000	0.153543483635	-0.000000000000	0.000000	0.000000	0.000000	0.000000	0.000000	0.498605892086	-0.000000000000	1	0.096929	0.167868	0.000000	-0.010826	-0.018749	-0.000000
30	0.600000	-0.179615	-0.000000	0.277469	0.000567	0.307822	-0.000000	0.308047	-0.000000	0.999780	-0.000000	1.000306	-0.000000	0.390784	0.001442	1.000000	-0.000000	0.000027	0.001204	1.000000	-0.000000	-0.124983	-0.000000	0.153498116680	-0.000000000000	0.000000	0.000000	0.000000	0.000000	0.000000	0.498568011767	-0.000000000000	1	0.118406	0.205055	0.000000	-0.015653	-0.027108	-0.000000
30	0.700000	-0.179616	-0.000000	0.277444	0.000661	0.307725	-0.000000	0.307978	0.000000	0.999686	-0.000000	1.000306	-0.000000	0.390800	0.001660	1.000000	-0.000000	0.000038	0.001686	1.000000	-0.000000	-0.124982	-0.000000	0.153447391982	-0.000000000000	0.000000	0.000000	0.000000	0.000000	0.000000	0.498521189173	-0.000000000000	1	0.139734	0.241978	0.000000	-0.021457	-0.037157	-0.000000
30	0.800000	-0.179619	-0.000000	0.277416	0.000780	0.307623	-0.000000	0.307900	-0.000000	0.999576	-0.000000	1.000288	-0.000000	0.390816	0.001855	1.000000	-0.000000	0.000051	0.002235	1.000000	-0.000000	-0.124983	-0.000000	0.153393908130	-0.000000000000	0.000000	0.000000	0.000000	0.000000	0.000000	0.498466218072	-0.000000000000	1	0.160430	0.277801	0.000000	-0.027950	-0.048398	-0.000000
30	0.900000	-0.179622	-0.000000	0.277386	0.000919	0.307521	-0.000000	0.307819	0.000000	0.999452	-0.000000	1.000251	-0.000000	0.390833	0.002028	1.000000	-0.000000	0.000065	0.002832	1.000000	-0.000000	-0.124984	-0.000000	0.153340017965	-0.000000000000	0.000000	0.000000	0.000000	0.000000	0.000000	0.498404628294	-0.000000000000	1	0.180049	0.311758	0.000000	-0.034706	-0.060093	-0.000000
30	1.000000	-0.179626	-0.000000	0.277354	0.001071	0.307422	-0.000000	0.307737	-0.000000	0.999320	-0.000000	1.000199	-0.000000	0.390848	0.002183	1.000000	-0.000000	0.000081	0.003456	1.000000	-0.000000	-0.124986	-0.000000	0.153287355454	-0.000000000000	0.000000	0.000000	0.000000	0.000000	0.000000	0.498338448669	-0.000000000000	1	0.198253	0.343263	0.000000	-0.041274	-0.071464	-0.000000
36	0.000000	-0.179620	-0.000000	0.271286	-0.000000	0.294384	-0.000000	0.294384	-0.000000	1.000000	-0.000000	1.000000	-0.000000	0.390760	-0.000000	1.000000	-0.000000	0.000000	0.000000	1.000000	-0.000000	-0.125000	-0.000000	0.146802689048	-0.000000000000	0.000000	0.000000	0.000000	0.000000	-0.000000	0.498677850502	-0.000000000000	1	0.000000	0.000000	0.000000	0.000000	0.000000	-0.000000
36	0.100000	-0.179616	-0.000000	0.271285	0.000120	0.294379	-0.000000	0.294405	0.000000	0.999997	-0.000000	1.000050	-0.000000	0.390761	0.000188	1.000000	-0.000000	0.000000	0.000021	1.000000	-0.000000	-0.124997	-0.000000	0.146800303204	-0.000000000000	0.000000	0.000000	0.000000	0.000000	0.000000	0.498676307742	-0.000000000000	1	0.017265	0.029904	0.000000	-0.001024	-0.001774	0.000000
36	0.200000	-0.179612	-0.000000	0.271281	0.000219	0.294364	-0.000000	0.294416	-0.000000	0.999987	-0.000000	1.000097	-0.000000	0.390764	0.000384	1.000000	-0.000000	0.000002	0.000089	1.000000	-0.000000	-0.124994	-0.000000	0.146792580241	-0.000000000000	0.000000	0.000000	0.000000	0.000000	0.000000	0.498671144903	-0.000000000000	1	0.035711	0.061852	0.000000	-0.002443	-0.004232	0.000000
36	0.300000	-0.179610	-0.000000	0.271275	0.000298	0.294337	-0.000000	0.294416	-0.000000	0.999967	-0.000000	1.000138	-0.000000	0.390768	0.000588	1.000000	-0.000000	0.000004	0.000215	1.000000	-0.000000	-0.124992	-0.000000	0.146778810990	-0.000000000000	0.000000	0.000000	0.000000	0.000000	0.000000	0.498661508203	-0.000000000000	1	0.055262	0.095714	0.000000	-0.004455	-0.007717	-0.000000
36	0.400000	-0.179608	-0.000000	0.271266	0.000361	0.294298	-0.000000	0.294403	-0.000000	0.999937	-0.000000	1.000171	-0.000000	0.390775	0.000795	1.000000	-0.000000	0.000007	0.000405	1.000000	-0.000000	-0.124990	-0.000000	0.146758643677	-0.000000000000	0.000000	0.000000	0.000000	0.000000	0.000000	0.498646540235	-0.000000000000	1	0.075756	0.131207	0.000000	-0.007275	-0.012601	-0.000000
36	0.500000	-0.179608	-0.000000	0.271254	0.000419	0.294247	-0.000000	0.294377	-0.000000	0.999895	-0.000000	1.000194	-0.000000	0.390784	0.001001	1.000000	-0.000000	0.000012	0.000666	1.000000	-0.000000	-0.124989	-0.000000	0.146732303370	-0.000000000000	0.000000	0.000000	0.000000	0.000000	0.000000	0.498625505842	-0.000000000000	1	0.096926	0.167867	0.000000	-0.011085	-0.019199	-0.000000
36	0.600000	-0.179608	-0.000000	0.271239	0.000481	0.294186	-0.000000	0.294337	-0.000000	0.999840	-0.000000	1.000205	-0.000000	0.390794	0.001199	1.000000	-0.000000	0.000018	0.000999	1.000000	-0.000000	-0.124988	-0.000000	0.146700720994	-0.000000000000	0.000000	0.000000	0.000000	0.000000	0.000000	0.498597960946	-0.000000000000	1	0.118399	0.205050	0.000000	-0.015964	-0.027647	-0.000000
36	0.700000	-0.179609	-0.000000	0.271221	0.000558	0.294118	-0.000000	0.294288	0.000000	0.999772	-0.000000	1.000202	-0.000000	0.390805	0.001381	1.000000	-0.000000	0.000026	0.001398	1.000000	-0.000000	-0.124988	-0.000000	0.146665447129	-0.000000000000	0.000000	0.000000	0.000000	0.000000	0.000000	0.498563923667	-0.000000000000	1	0.139720	0.241966	0.000000	-0.021817	-0.037782	-0.000000
36	0.800000	-0.179611	-0.000000	0.271202	0.000655	0.294047	-0.000000	0.294232	0.000000	0.999691	-0.000000	1.000186	-0.000000	0.390816	0.001545	1.000000	-0.000000	0.000035	0.001853	1.000000	-0.000000	-0.124988	-0.000000	0.146628311220	-0.000000000000	0.000000	0.000000	0.000000	0.000000	0.000000	0.498523977505	-0.000000000000	1	0.160405	0.277779	0.000000	-0.028355	-0.049103	-0.000000
36	0.900000	-0.179613	-0.000000	0.271180	0.000769	0.293976	-0.000000	0.294174	0.000000	0.999602	-0.000000	1.000157	-0.000000	0.390827	0.001691	1.000000	-0.000000	0.000045	0.002348	1.000000	-0.000000	-0.124989	-0.000000	0.146590962557	-0.000000000000	0.000000	0.000000	0.000000	0.000000	0.000000	0.498479241038	-0.000000000000	1	0.180012	0.311722	0.000000	-0.035152	-0.060872	-0.000000
36	1.000000	-0.179616	-0.000000	0.271158	0.000894	0.293906	-0.000000	0.294116	0.000000	0.999505	-0.000000	1.000116	-0.000000	0.390839	0.001823	1.000000	-0.000000	0.000055	0.002865	1.000000	-0.000000	-0.124990	-0.000000	0.146554536895	-0.000000000000	0.000000	0.000000	0.000000	0.000000	0.000000	0.498431194129	-0.000000000000	1	0.198201	0.343209	0.000000	-0.041757	-0.072307	-0.000000
